0.0 0.0
0.01 1.9607420328507416e-41
0.02 3.626463203169607e-41
0.03 1.031578623074507e-40
0.04 2.56972624950927e-40
0.05 6.626155292423604e-40
0.06 1.6890565823486375e-39
0.07 4.3119935567996125e-39
0.08 1.0984504825627796e-38
0.09 2.7951076144377516e-38
0.1 7.102444150503278e-38
0.11 1.8023742954897129e-37
0.12 4.567738137684809e-37
0.13 1.1560602748905172e-36
0.14 2.9220201494774405e-36
0.15 7.375828101944272e-36
0.16 1.8593636114109504e-35
0.17 4.68106869890137e-35
0.18 1.176939145135748e-34
0.19 2.9552380316275126e-34
0.2 7.410739507782536e-34
0.21 1.855933456434339e-33
0.22 4.641904193913723e-33
0.23 1.1594819865309269e-32
0.24 2.892457849016453e-32
0.25 7.206201560773587e-32
0.26 1.7930121622664634e-31
0.27 4.455522639862736e-31
0.28 1.105741946618412e-30
0.29 2.7406258108172002e-30
0.3 6.784028189471991e-30
0.31 1.677137212969165e-29
0.32 4.1408900895090185e-29
0.33 1.0210901083402909e-28
0.34 2.5146687795719018e-28
0.35000000000000003 6.185074843629791e-28
0.36 1.5193494272281278e-27
0.37 3.727520126004262e-27
0.38 9.133411658255893e-27
0.39 2.2351045904383236e-26
0.4 5.462802819870993e-26
0.41000000000000003 1.3334819015112479e-25
0.42 3.250975666963474e-25
0.43 7.915828325656451e-25
0.44 1.9250239105244446e-24
0.45 4.6755645547626225e-24
0.46 1.1342040823346776e-23
0.47000000000000003 2.747948700876083e-23
0.48 6.649474820602538e-23
0.49 1.6070464157073623e-22
0.5 3.8791170220373195e-22
0.51 9.351941049995152e-22
0.52 2.2518325237930182e-21
0.53 5.415479138663728e-21
0.54 1.3007839854586958e-20
0.55 3.120627910621147e-20
0.56 7.477360556294047e-20
0.5700000000000001 1.7894731863253862e-19
0.58 4.277338428975199e-19
0.59 1.0211618506993088e-18
0.6 2.4349446877009312e-18
0.61 5.799067528737979e-18
0.62 1.3794398653380513e-17
0.63 3.2773582023639535e-17
0.64 7.777187443959083e-17
0.65 1.8433157046496869e-16
0.66 4.363714825829718e-16
0.67 1.0317950898805355e-15
0.68 2.4367556594045924e-15
0.6900000000000001 5.74794906207329e-15
0.7000000000000001 1.3542448901867743e-14
0.71 3.186880883343158e-14
0.72 7.490654174913433e-14
0.73 1.7585710150224596e-13
0.74 4.1237020175611055e-13
0.75 9.658346696577722e-13
0.76 2.259474292905407e-12
0.77 5.2796126432810715e-12
0.78 1.2322184253345414e-11
0.79 2.8725345228428235e-11
0.8 6.688606854392981e-11
0.81 1.555606925042224e-10
0.8200000000000001 3.613755616225152e-10
0.8300000000000001 8.385198151773206e-10
0.84 1.943410033437545e-09
0.85 4.49896930678114e-09
0.86 1.0403033925957276e-08
0.87 2.4027373901615503e-08
0.88 5.543101303128273e-08
0.89 1.2773221642007393e-07
0.9 2.94001880228967e-07
0.91 6.759315144393491e-07
0.92 1.552240848945865e-06
0.93 3.5605758435414086e-06
0.9400000000000001 8.158061701783721e-06
0.9500000000000001 1.867068409412992e-05
0.96 4.26816167903581e-05
0.97 9.746075310899852e-05
0.98 0.00022229403703890848
0.99 0.0005064492002155062
1.0 0.001152536974899701
